Accuracy: 0.0322

Classification report:
                        precision    recall  f1-score   support

               Allergy       0.05      0.05      0.05       172
                Anemia       0.04      0.04      0.04       163
               Anxiety       0.02      0.02      0.02       182
             Arthritis       0.05      0.05      0.05       179
                Asthma       0.02      0.03      0.02       156
            Bronchitis       0.02      0.02      0.02       171
              COVID-19       0.04      0.04      0.04       168
Chronic Kidney Disease       0.02      0.02      0.02       161
           Common Cold       0.05      0.05      0.05       161
              Dementia       0.02      0.02      0.02       165
            Depression       0.01      0.01      0.01       172
            Dermatitis       0.03      0.04      0.04       171
              Diabetes       0.03      0.03      0.03       170
              Epilepsy       0.01      0.01      0.01       166
        Food Poisoning       0.04      0.04      0.04       174
             Gastritis       0.06      0.06      0.06       161
         Heart Disease       0.04      0.04      0.04       161
          Hypertension       0.03      0.03      0.03       166
                   IBS       0.04      0.04      0.04       166
             Influenza       0.02      0.02      0.02       165
         Liver Disease       0.03      0.02      0.02       166
              Migraine       0.05      0.05      0.05       171
               Obesity       0.04      0.04      0.04       164
           Parkinson's       0.01      0.01      0.01       165
             Pneumonia       0.03      0.02      0.03       166
             Sinusitis       0.05      0.04      0.05       159
                Stroke       0.03      0.03      0.03       158
      Thyroid Disorder       0.03      0.04      0.03       171
          Tuberculosis       0.02      0.02      0.02       163
                 Ulcer       0.04      0.04      0.04       167

              accuracy                           0.03      5000
             macro avg       0.03      0.03      0.03      5000
          weighted avg       0.03      0.03      0.03      5000

Confusion matrix:
[[ 9  5  7  3  8  8  6  6  6  2  6  4  9  8  6  7  8  8  6  3  4  6  8  1
   5  6  2  5  5  5]
 [ 4  7  5  5  7  7  7  1  8  6  3  5  5  6 10  3  8  5  3  7  6  4  7  0
   9  6  6  8  2  3]
 [11 11  3  5  4  4  4 13  5  8  6  7  6  6  8  7  6  4  5  3  6  4  9  7
   6  6  4  5  4  5]
 [ 4  9 11  9  5  7  5  7  8  6  5  5  5  5  6  8  4  8  7  6  7  2  9  4
   4  3  8  4  3  5]
 [ 6  8  4 10  4  4  7  7  8  3 12  3  6  4  6  5  5  0  6  5  2  4  8  7
   1  2  3  9  6  1]
 [ 7  5  7  7 12  4  6 12  6  5  6  9  7  3  6  4  7  5  6  2  8  2  3  5
   4  6  5  2  4  6]
 [ 7 10 10  8  4 10  7  1  8  5  5  5  4  5  9  6  6  2  8  6  1  0  5  7
   5  4  2  7  5  6]
 [ 4  4  5  5  8  7  4  3  9  8 10  8  8  5  7  2  5  5  5  3  2  7  2  4
   7  9  2  5  6  2]
 [ 3  7  4  5  5  7  5  7  8  0  2  2  6  4  9  7  3  8  5  7  7  4  7  4
   8  4  6  7  5  5]
 [ 5  8 10  6  5  6  6  4  1  3  7  7  7  5 13  6  5  4  6  5  5  4  4  4
   6  3  4  4  6  6]
 [10  8  9  8  4  5  1  5  8  8  2 10  5  4  9  5  5 13  6  5  3  8  3  7
   3  2  3  7  4  2]
 [ 8  5  5  2  4 10  8  4  5  5  6  7 11 10  6  5  5  4  3  3  2  7  7  7
   6  5  1  9  6  5]
 [ 8  7  7  5  4  3  6  4  9  6  7  7  5 10  7  3  6  7  7  7  3  6  4  3
   1  8  4 11  3  2]
 [ 9  9  9  7  5  4  5  2  4  5  8  5  7  1  4  7  1  5  6  9  3 10  4  2
   8  5  6  9  2  5]
 [ 4  5  6  8  6  7  8  9  3  4  5 17  3  7  7  7  6  5  5  3  8  1  4  5
   3  3  7  3  6  9]
 [ 5  5  1  7  9  6  4  7  4  5  4  6  6  6  8 10  4  7  2  1  4  5  8  6
   5  6  6  5  3  6]
 [ 5  3  4  5  3  7  7  4  1  8  8  5  6  9  4  3  6  5  5  3  7  4  5  7
   7  4  6 10  4  6]
 [ 7  4  9  3  4  7  7  6  7  1  4  9  5 11  8  5  6  5  3  7  5 10  5  4
   2  6  5  6  4  1]
 [ 1  3  2 11  2  4  4  5  6  5  6  8  8  4  4 10  8  5  7  6  7  8  5  6
   3  6  4  7  6  5]
 [ 6  7  6  3  6  6  7  4  6  3  4  8  5  2  6  3  7  6  7  3  6  4  4  6
   4  5  7 11  6  7]
 [ 6  7  7  3  8  3  6  4  6  4  2 10  5  3  6 12 11  6  6  4  4  5  9  6
   5  6  1  5  3  3]
 [ 3  7  7  8  6  7  6  4  4  6  8  8  5  9  4  6  6  5  5  2  9  9  3  7
   4  3  3  4  5  8]
 [ 7  6  3 12  2  3  7  3  7  2  5  6  7  6  7  3  3  3  4  3  9  5  6  7
   5  6  5  8  6  8]
 [ 5  6  6  5 10  7  6  2  3  8  4  7  5  8 10  8  4  7  4  3  7  4  6  2
   9  3  2  7  3  4]
 [11 10  6  7  4  8  5  3  7  7  4 12  2  8  5  5  6  4  6  3  6  6  3  3
   4  3  2  7  6  3]
 [ 6  5  8  5  9  9  8  3  4  7  0  5  8  6  4  7  2  6  6  7  5  3  9  5
   1  7  3  4  3  4]
 [ 3  9  7  3  5  3  6  3  7  6  4  2 10  5  6  6  6  9  2  5  2 11  4  6
   7  6  4  3  5  3]
 [ 8  4  6  7  5  8  4  9  4  2 10  5  5  7  4  5  7 11  9  3  5  5  3  5
   2  4  7  6  5  6]
 [ 6  3  5  6  8  7  6  6  5  4  7  9  8  4  5  3  0  4  8  7  9  9  7  4
   4  5  2  4  3  5]
 [10  3  5  5  6  9  5  4  2  4 11  8 13  5  4  5  4  3  5  5  3  7  9  5
   6  2  6  3  4  6]]